0.010000 1.000647 -0.011589 0.000067
0.020000 1.000531 -0.077299 0.002988
0.030000 0.999758 0.013784 0.000095
0.040000 0.999896 -0.022319 0.000249
0.050000 0.999673 -0.066035 0.002180
0.060000 0.999012 -0.103255 0.005331
0.070000 0.997980 -0.042271 0.000893
0.080000 0.997557 -0.121634 0.007397
0.090000 0.996341 -0.097708 0.004773
0.100000 0.995364 -0.056795 0.001613
0.110000 0.994796 -0.160346 0.012855
0.120000 0.993192 -0.068016 0.002313
0.130000 0.992512 -0.174483 0.015222
0.140000 0.990767 -0.167389 0.014010
0.150000 0.989093 -0.158258 0.012523
0.160000 0.987511 -0.156182 0.012196
0.170000 0.985949 -0.163029 0.013289
0.180000 0.984319 -0.154774 0.011977
0.190000 0.982771 -0.231475 0.026790
0.200000 0.980456 -0.239301 0.028633
0.210000 0.978063 -0.128517 0.008258
0.220000 0.976778 -0.294382 0.043330
0.230000 0.973834 -0.191904 0.018414
0.240000 0.971915 -0.206693 0.021361
0.250000 0.969848 -0.252505 0.031880
0.260000 0.967323 -0.342549 0.058670
0.270000 0.963898 -0.238815 0.028516
0.280000 0.961510 -0.307210 0.047189
0.290000 0.958437 -0.290015 0.042054
0.300000 0.955537 -0.266312 0.035461
0.310000 0.952874 -0.270005 0.036451
0.320000 0.950174 -0.413109 0.085329
0.330000 0.946043 -0.286978 0.041178
0.340000 0.943173 -0.343415 0.058967
0.350000 0.939739 -0.285154 0.040656
0.360000 0.936888 -0.432620 0.093580
0.370000 0.932561 -0.318171 0.050616
0.380000 0.929380 -0.422173 0.089115
0.390000 0.925158 -0.380321 0.072322
0.400000 0.921355 -0.354569 0.062860
0.410000 0.917809 -0.444549 0.098812
0.420000 0.913364 -0.361890 0.065482
0.430000 0.909745 -0.445578 0.099270
0.440000 0.905289 -0.476291 0.113427
0.450000 0.900526 -0.415625 0.086372
0.460000 0.896370 -0.449995 0.101248
0.470000 0.891870 -0.480452 0.115417
0.480000 0.887065 -0.466049 0.108601
0.490000 0.882405 -0.440784 0.097145
0.500000 0.877997 -0.502385 0.126195
0.510000 0.872973 -0.457298 0.104561
0.520000 0.868400 -0.529939 0.140418
0.530000 0.863101 -0.465101 0.108159
0.540000 0.858450 -0.564204 0.159163
0.550000 0.852808 -0.537461 0.144432
0.560000 0.847433 -0.501490 0.125746
0.570000 0.842418 -0.557969 0.155665
0.580000 0.836838 -0.513100 0.131636
0.590000 0.831707 -0.623811 0.194570
0.600000 0.825469 -0.529959 0.140428
0.610000 0.820170 -0.549192 0.150806
0.620000 0.814678 -0.626584 0.196304
0.630000 0.808412 -0.612525 0.187593
0.640000 0.802287 -0.593714 0.176248
0.650000 0.796350 -0.613556 0.188225
0.660000 0.790214 -0.625197 0.195435
0.670000 0.783962 -0.621948 0.193410
0.680000 0.777743 -0.574250 0.164881
0.690000 0.772000 -0.682645 0.233002
0.700000 0.765174 -0.670380 0.224705
0.710000 0.758470 -0.645963 0.208634
0.720000 0.752010 -0.607257 0.184381
0.730000 0.745938 -0.661954 0.219092
0.740000 0.739318 -0.683305 0.233453
0.750000 0.732485 -0.736129 0.270943
0.760000 0.725124 -0.645674 0.208447
0.770000 0.718667 -0.770253 0.296645
0.780000 0.710964 -0.627787 0.197058
0.790000 0.704687 -0.725254 0.262997
0.800000 0.697434 -0.761505 0.289945
0.810000 0.689819 -0.702371 0.246663
0.820000 0.682795 -0.729688 0.266222
0.830000 0.675498 -0.797773 0.318221
0.840000 0.667521 -0.723274 0.261563
0.850000 0.660288 -0.711537 0.253143
0.860000 0.653173 -0.775446 0.300658
0.870000 0.645418 -0.738853 0.272952
0.880000 0.638030 -0.763771 0.291673
0.890000 0.630392 -0.859027 0.368964
0.900000 0.621802 -0.715672 0.256093
0.910000 0.614645 -0.812235 0.329863
0.920000 0.606523 -0.822140 0.337957
0.930000 0.598301 -0.805796 0.324654
0.940000 0.590243 -0.811472 0.329243
0.950000 0.582128 -0.785092 0.308185
0.960000 0.574278 -0.825534 0.340753
0.970000 0.566022 -0.814602 0.331788
0.980000 0.557876 -0.849003 0.360403
0.990000 0.549386 -0.879856 0.387074
1.000000 0.540588 -0.841645 0.354183
1.010000 0.532171 -0.870552 0.378930
1.020000 0.523466 -0.773916 0.299473
1.030000 0.515726 -0.924715 0.427549
1.040000 0.506479 -0.822544 0.338289
1.050000 0.498254 -0.924916 0.427735
1.060000 0.489005 -0.812888 0.330394
1.070000 0.480876 -0.912619 0.416437
1.080000 0.471750 -0.881813 0.388797
1.090000 0.462932 -0.869878 0.378344
1.100000 0.454233 -0.939656 0.441476
1.110000 0.444836 -0.841196 0.353805
1.120000 0.436424 -0.907879 0.412122
1.130000 0.427345 -0.907143 0.411454
1.140000 0.418274 -0.914668 0.418309
1.150000 0.409127 -0.934431 0.436581
1.160000 0.399783 -0.909813 0.413880
1.170000 0.390685 -0.941610 0.443315
1.180000 0.381269 -0.865386 0.374446
1.190000 0.372615 -0.983078 0.483221
1.200000 0.362784 -0.970560 0.470993
1.210000 0.353079 -0.853743 0.364438
1.220000 0.344541 -1.009966 0.510016
1.230000 0.334441 -0.958735 0.459586
1.240000 0.324854 -0.884930 0.391550
1.250000 0.316005 -0.944340 0.445889
1.260000 0.306561 -1.005169 0.505183
1.270000 0.296510 -0.889922 0.395980
1.280000 0.287610 -0.972995 0.473359
1.290000 0.277881 -1.003159 0.503164
1.300000 0.267849 -0.991267 0.491305
1.310000 0.257936 -0.962446 0.463151
1.320000 0.248312 -0.961769 0.462500
1.330000 0.238694 -0.983195 0.483336
1.340000 0.228862 -0.912762 0.416567
1.350000 0.219735 -0.979770 0.479975
1.360000 0.209937 -0.957393 0.458301
1.370000 0.200363 -1.037885 0.538602
1.380000 0.189984 -0.921197 0.424302
1.390000 0.180772 -1.005048 0.505061
1.400000 0.170722 -1.005483 0.505498
1.410000 0.160667 -1.015054 0.515167
1.420000 0.150516 -0.922840 0.425817
1.430000 0.141288 -1.076388 0.579305
1.440000 0.130524 -0.915089 0.418694
1.450000 0.121373 -1.075985 0.578871
1.460000 0.110613 -0.965981 0.466560
1.470000 0.100953 -0.959576 0.460393
1.480000 0.091358 -0.983951 0.484080
1.490000 0.081518 -1.018400 0.518569
1.500000 0.071334 -0.966748 0.467301
1.510000 0.061667 -1.025417 0.525740
1.520000 0.051413 -1.039254 0.540025
1.530000 0.041020 -1.000738 0.500739
1.540000 0.031013 -0.978892 0.479114
1.550000 0.021224 -1.003985 0.503993
1.560000 0.011184 -0.968030 0.468541
1.570000 0.001504 -1.015813 0.515938
1.580000 -0.008655 -1.041892 0.542769
1.590000 -0.019074 -0.946539 0.447968
1.600000 -0.028539 -1.019651 0.519844
1.610000 -0.038735 -0.970980 0.471401
1.620000 -0.048445 -1.035118 0.535734
1.630000 -0.058796 -0.955667 0.456650
1.640000 -0.068353 -1.053419 0.554846
1.650000 -0.078887 -0.939764 0.441578
1.660000 -0.088285 -1.022210 0.522456
1.670000 -0.098507 -0.970837 0.471262
1.680000 -0.108215 -1.035836 0.536478
1.690000 -0.118574 -0.954950 0.455965
1.700000 -0.128123 -0.967277 0.467812
1.710000 -0.137796 -1.048943 0.550140
1.720000 -0.148285 -0.972852 0.473221
1.730000 -0.158014 -0.956379 0.457331
1.740000 -0.167578 -1.049779 0.551018
1.750000 -0.178076 -0.922784 0.425765
1.760000 -0.187303 -0.985818 0.485919
1.770000 -0.197162 -1.016252 0.516384
1.780000 -0.207324 -1.005127 0.505140
1.790000 -0.217375 -0.909573 0.413662
1.800000 -0.226471 -0.956608 0.457549
1.810000 -0.236037 -1.008674 0.508712
1.820000 -0.246124 -0.946688 0.448109
1.830000 -0.255591 -0.943285 0.444894
1.840000 -0.265024 -0.966482 0.467044
1.850000 -0.274688 -0.994366 0.494382
1.860000 -0.284632 -0.988217 0.488287
1.870000 -0.294514 -0.886229 0.392701
1.880000 -0.303377 -0.970690 0.471120
1.890000 -0.313083 -1.013378 0.513467
1.900000 -0.323217 -0.950163 0.451405
1.910000 -0.332719 -0.926974 0.429641
1.920000 -0.341989 -0.907903 0.412144
1.930000 -0.351068 -0.961484 0.462225
1.940000 -0.360682 -0.922686 0.425675
1.950000 -0.369909 -0.854991 0.365505
1.960000 -0.378459 -0.922823 0.425801
1.970000 -0.387687 -0.975868 0.476159
1.980000 -0.397446 -0.917310 0.420728
1.990000 -0.406619 -0.864108 0.373341
2.000000 -0.415260 -0.982463 0.482616
2.010000 -0.425085 -0.886321 0.392783
2.020000 -0.433948 -0.914952 0.418569
2.030000 -0.443098 -0.836880 0.350184
2.040000 -0.451467 -0.937548 0.439498
2.050000 -0.460842 -0.829718 0.344216
2.060000 -0.469139 -0.916479 0.419967
2.070000 -0.478304 -0.841976 0.354462
2.080000 -0.486724 -0.861489 0.371081
2.090000 -0.495339 -0.889920 0.395979
2.100000 -0.504238 -0.835662 0.349165
2.110000 -0.512594 -0.878100 0.385530
2.120000 -0.521375 -0.873832 0.381791
2.130000 -0.530114 -0.800504 0.320403
2.140000 -0.538119 -0.825000 0.340313
2.150000 -0.546369 -0.897322 0.402593
2.160000 -0.555342 -0.830827 0.345137
2.170000 -0.563650 -0.770221 0.296620
2.180000 -0.571352 -0.841394 0.353972
2.190000 -0.579766 -0.811511 0.329275
2.200000 -0.587882 -0.849390 0.360731
2.210000 -0.596375 -0.735492 0.270474
2.220000 -0.603730 -0.831704 0.345865
2.230000 -0.612047 -0.770830 0.297089
2.240000 -0.619756 -0.807303 0.325869
2.250000 -0.627829 -0.802411 0.321931
2.260000 -0.635853 -0.732843 0.268530
2.270000 -0.643181 -0.723155 0.261476
2.280000 -0.650413 -0.815352 0.332400
2.290000 -0.658566 -0.733971 0.269357
2.300000 -0.665906 -0.679622 0.230943
2.310000 -0.672702 -0.775072 0.300368
2.320000 -0.680453 -0.747112 0.279088
2.330000 -0.687924 -0.732515 0.268289
2.340000 -0.695249 -0.662166 0.219232
2.350000 -0.701871 -0.721406 0.260213
2.360000 -0.709085 -0.713261 0.254370
2.370000 -0.716218 -0.682727 0.233058
2.380000 -0.723045 -0.728086 0.265055
2.390000 -0.730326 -0.608688 0.185251
2.400000 -0.736413 -0.753753 0.284072
2.410000 -0.743950 -0.626967 0.196544
2.420000 -0.750220 -0.682791 0.233102
2.430000 -0.757048 -0.583557 0.170270
2.440000 -0.762883 -0.692189 0.239563
2.450000 -0.769805 -0.581003 0.168782
2.460000 -0.775615 -0.687114 0.236063
2.470000 -0.782486 -0.560447 0.157050
2.480000 -0.788091 -0.686149 0.235400
2.490000 -0.794952 -0.539054 0.145290
2.500000 -0.800343 -0.641416 0.205707
2.510000 -0.806757 -0.571228 0.163151
2.520000 -0.812469 -0.624372 0.194920
2.530000 -0.818713 -0.478049 0.114265
2.540000 -0.823493 -0.606719 0.184054
2.550000 -0.829561 -0.554154 0.153544
2.560000 -0.835102 -0.570426 0.162693
2.570000 -0.840806 -0.530615 0.140776
2.580000 -0.846113 -0.464824 0.108031
2.590000 -0.850761 -0.534829 0.143021
2.600000 -0.856109 -0.582631 0.169729
2.610000 -0.861935 -0.440412 0.096981
2.620000 -0.866340 -0.472621 0.111685
2.630000 -0.871066 -0.492509 0.121282
2.640000 -0.875991 -0.459908 0.105758
2.650000 -0.880590 -0.557787 0.155563
2.660000 -0.886168 -0.463885 0.107595
2.670000 -0.890807 -0.450009 0.101254
2.680000 -0.895307 -0.414383 0.085857
2.690000 -0.899451 -0.367863 0.067662
2.700000 -0.903129 -0.433924 0.094145
2.710000 -0.907468 -0.417889 0.087315
2.720000 -0.911647 -0.393307 0.077345
2.730000 -0.915580 -0.392029 0.076843
2.740000 -0.919501 -0.474940 0.112784
2.750000 -0.924250 -0.376567 0.070901
2.760000 -0.928016 -0.370514 0.068640
2.770000 -0.931721 -0.296667 0.044006
2.780000 -0.934688 -0.391325 0.076568
2.790000 -0.938601 -0.277826 0.038594
2.800000 -0.941379 -0.408941 0.083617
2.810000 -0.945469 -0.322289 0.051935
2.820000 -0.948691 -0.225790 0.025491
2.830000 -0.950949 -0.302135 0.045643
2.840000 -0.953971 -0.360041 0.064815
2.850000 -0.957571 -0.270749 0.036653
2.860000 -0.960279 -0.220946 0.024409
2.870000 -0.962488 -0.320307 0.051298
2.880000 -0.965691 -0.266841 0.035602
2.890000 -0.968360 -0.231273 0.026744
2.900000 -0.970672 -0.184693 0.017056
2.910000 -0.972519 -0.261666 0.034234
2.920000 -0.975136 -0.211522 0.022371
2.930000 -0.977251 -0.198075 0.019617
2.940000 -0.979232 -0.152256 0.011591
2.950000 -0.980754 -0.262893 0.034556
2.960000 -0.983383 -0.108704 0.005908
2.970000 -0.984470 -0.246437 0.030366
2.980000 -0.986935 -0.062082 0.001927
2.990000 -0.987556 -0.205038 0.021020
3.000000 -0.989606 -0.157844 0.012457
3.010000 -0.991184 -0.076445 0.002922
3.020000 -0.991949 -0.172644 0.014903
3.030000 -0.993675 -0.055128 0.001520
3.040000 -0.994226 -0.136988 0.009383
3.050000 -0.995596 -0.061858 0.001913
3.060000 -0.996215 -0.121710 0.007407
3.070000 -0.997432 -0.042014 0.000883
3.080000 -0.997852 -0.022769 0.000259
3.090000 -0.998080 -0.045065 0.001015
3.100000 -0.998531 -0.065788 0.002164
3.110000 -0.999188 0.000060 0.000000
3.120000 -0.999188 -0.072332 0.002616
3.130000 -0.999911 0.034038 0.000579
3.140000 -0.999571 0.050178 0.001259
3.150000 -0.999069 -0.067277 0.002263
3.160000 -0.999742 0.055075 0.001517
3.170000 -0.999191 0.047438 0.001125
3.180000 -0.998717 0.043110 0.000929
3.190000 -0.998286 0.058888 0.001734
3.200000 -0.997697 0.094434 0.004459
3.210000 -0.996752 -0.014606 0.000107
3.220000 -0.996898 0.089513 0.004006
3.230000 -0.996003 0.137316 0.009428
3.240000 -0.994630 0.115967 0.006724
3.250000 -0.993470 0.080954 0.003277
3.260000 -0.992661 0.182012 0.016564
3.270000 -0.990841 0.123175 0.007586
3.280000 -0.989609 0.122352 0.007485
3.290000 -0.988385 0.115586 0.006680
3.300000 -0.987230 0.159257 0.012681
3.310000 -0.985637 0.185965 0.017291
3.320000 -0.983777 0.171467 0.014700
3.330000 -0.982063 0.260558 0.033945
3.340000 -0.979457 0.190020 0.018054
3.350000 -0.977557 0.146741 0.010766
3.360000 -0.976090 0.238445 0.028428
3.370000 -0.973705 0.233110 0.027170
3.380000 -0.971374 0.274431 0.037656
3.390000 -0.968630 0.253991 0.032256
3.400000 -0.966090 0.209548 0.021955
3.410000 -0.963994 0.311984 0.048667
3.420000 -0.960874 0.235746 0.027788
3.430000 -0.958517 0.357559 0.063924
3.440000 -0.954941 0.298363 0.044510
3.450000 -0.951958 0.235442 0.027716
3.460000 -0.949603 0.345999 0.059858
3.470000 -0.946143 0.328592 0.053986
3.480000 -0.942857 0.375432 0.070474
3.490000 -0.939103 0.344625 0.059383
3.500000 -0.935657 0.296259 0.043885
3.510000 -0.932694 0.360366 0.064932
3.520000 -0.929091 0.392903 0.077187
3.530000 -0.925162 0.376716 0.070958
3.540000 -0.921394 0.439289 0.096487
3.550000 -0.917002 0.376923 0.071036
3.560000 -0.913232 0.409682 0.083920
3.570000 -0.909135 0.406349 0.082560
3.580000 -0.905072 0.431265 0.092995
3.590000 -0.900759 0.443422 0.098312
3.600000 -0.896325 0.412946 0.085262
3.610000 -0.892196 0.512791 0.131477
3.620000 -0.887068 0.472249 0.111509
3.630000 -0.882345 0.481949 0.116137
3.640000 -0.877526 0.475161 0.112889
3.650000 -0.872774 0.507849 0.128956
3.660000 -0.867696 0.463072 0.107218
3.670000 -0.863065 0.546991 0.149599
3.680000 -0.857595 0.468027 0.109525
3.690000 -0.852915 0.517966 0.134144
3.700000 -0.847735 0.586216 0.171825
3.710000 -0.841873 0.528405 0.139606
3.720000 -0.836589 0.568576 0.161639
3.730000 -0.830903 0.537330 0.144362
3.740000 -0.825530 0.593626 0.176196
3.750000 -0.819594 0.518554 0.134449
3.760000 -0.814408 0.568081 0.161358
3.770000 -0.808727 0.597868 0.178723
3.780000 -0.802749 0.626899 0.196501
3.790000 -0.796480 0.612255 0.187428
3.800000 -0.790357 0.632138 0.199799
3.810000 -0.784036 0.620606 0.192576
3.820000 -0.777830 0.604358 0.182624
3.830000 -0.771786 0.637801 0.203395
3.840000 -0.765408 0.618061 0.190999
3.850000 -0.759227 0.691725 0.239241
3.860000 -0.752310 0.624690 0.195119
3.870000 -0.746063 0.696948 0.242868
3.880000 -0.739094 0.691616 0.239166
3.890000 -0.732178 0.707802 0.250492
3.900000 -0.725100 0.694147 0.240920
3.910000 -0.718158 0.689909 0.237988
3.920000 -0.711259 0.647340 0.209524
3.930000 -0.704786 0.706582 0.249629
3.940000 -0.697720 0.716791 0.256895
3.950000 -0.690552 0.796575 0.317266
3.960000 -0.682586 0.687462 0.236302
3.970000 -0.675712 0.753461 0.283851
3.980000 -0.668177 0.751044 0.282033
3.990000 -0.660666 0.790164 0.312180
4.000000 -0.652765 0.746276 0.278464
4.010000 -0.645302 0.705314 0.248734
4.020000 -0.638249 0.766537 0.293790
4.030000 -0.630584 0.861846 0.371389
4.040000 -0.621965 0.728813 0.265584
4.050000 -0.614677 0.778919 0.303358
4.060000 -0.606888 0.835141 0.348730
4.070000 -0.598536 0.794621 0.315712
4.080000 -0.590590 0.778060 0.302688
4.090000 -0.582810 0.873832 0.381791
4.100000 -0.574071 0.796201 0.316968
4.110000 -0.566109 0.796132 0.316913
4.120000 -0.558148 0.903500 0.408156
4.130000 -0.549113 0.837823 0.350974
4.140000 -0.540735 0.764631 0.292331
4.150000 -0.533088 0.844019 0.356184
4.160000 -0.524648 0.856226 0.366561
4.170000 -0.516086 0.936864 0.438857
4.180000 -0.506717 0.861484 0.371077
4.190000 -0.498102 0.876583 0.384199
4.200000 -0.489337 0.829111 0.343712
4.210000 -0.481045 0.919981 0.423182
4.220000 -0.471846 0.804424 0.323549
4.230000 -0.463801 0.918904 0.422192
4.240000 -0.454612 0.892081 0.397904
4.250000 -0.445692 0.875371 0.383137
4.260000 -0.436938 0.976704 0.476976
4.270000 -0.427171 0.869938 0.378396
4.280000 -0.418471 0.880200 0.387376
4.290000 -0.409669 0.950059 0.451306
4.300000 -0.400169 0.915701 0.419254
4.310000 -0.391012 0.930674 0.433077
4.320000 -0.381705 0.897175 0.402461
4.330000 -0.372733 0.979436 0.479647
4.340000 -0.362939 0.845750 0.357646
4.350000 -0.354482 0.950962 0.452164
4.360000 -0.344972 1.003227 0.503232
4.370000 -0.334940 0.898724 0.403852
4.380000 -0.325952 0.947891 0.449248
4.390000 -0.316473 0.971757 0.472156
4.400000 -0.306756 0.982243 0.482401
4.410000 -0.296933 0.892739 0.398491
4.420000 -0.288006 0.986245 0.486339
4.430000 -0.278144 0.984048 0.484175
4.440000 -0.268303 0.894431 0.400003
4.450000 -0.259359 0.996988 0.496992
4.460000 -0.249389 0.944471 0.446013
4.470000 -0.239944 1.053343 0.554765
4.480000 -0.229411 0.962513 0.463216
4.490000 -0.219786 0.996217 0.496224
4.500000 -0.209824 0.909675 0.413754
4.510000 -0.200727 1.002544 0.502547
4.520000 -0.190701 0.951826 0.452987
4.530000 -0.181183 1.047314 0.548434
4.540000 -0.170710 0.934914 0.437032
4.550000 -0.161361 0.985864 0.485964
4.560000 -0.151502 1.005099 0.505112
4.570000 -0.141451 1.012619 0.512699
4.580000 -0.131325 0.974580 0.474903
4.590000 -0.121579 1.013511 0.513602
4.600000 -0.111444 1.016252 0.516384
4.610000 -0.101282 0.962100 0.462818
4.620000 -0.091661 0.943153 0.444769
4.630000 -0.082229 1.040387 0.541203
4.640000 -0.071825 1.025791 0.526123
4.650000 -0.061567 1.014679 0.514787
4.660000 -0.051420 0.964263 0.464902
4.670000 -0.041778 0.945226 0.446726
4.680000 -0.032326 1.008835 0.508874
4.690000 -0.022237 1.067633 0.569920
4.700000 -0.011561 0.989050 0.489110
4.710000 -0.001670 0.965459 0.466055
4.720000 0.007984 0.988308 0.488376
4.730000 0.017867 0.989686 0.489739
4.740000 0.027764 1.075292 0.578126
4.750000 0.038517 0.913168 0.416938
4.760000 0.047649 1.048566 0.549745
4.770000 0.058134 0.991320 0.491358
4.780000 0.068048 0.967004 0.467548
4.790000 0.077718 1.043731 0.544687
4.800000 0.088155 0.947797 0.449159
4.810000 0.097633 0.977630 0.477880
4.820000 0.107409 1.078479 0.581559
4.830000 0.118194 0.923733 0.426641
4.840000 0.127431 1.073518 0.576221
4.850000 0.138167 0.905200 0.409694
4.860000 0.147219 1.013167 0.513254
4.870000 0.157350 1.005867 0.505884
4.880000 0.167409 1.011281 0.511345
4.890000 0.177522 0.923167 0.426119
4.900000 0.186753 1.018781 0.518957
4.910000 0.196941 0.989576 0.489630
4.920000 0.206837 0.929957 0.432410
4.930000 0.216136 0.970577 0.471010
4.940000 0.225842 0.993292 0.493315
4.950000 0.235775 0.944877 0.446396
4.960000 0.245224 0.974077 0.474413
4.970000 0.254965 1.025350 0.525671
4.980000 0.265218 0.965257 0.465860
4.990000 0.274871 0.913653 0.417381
5.000000 0.284007 0.963383 0.464053
5.010000 0.293641 0.989858 0.489909
5.020000 0.303540 0.961145 0.461900
5.030000 0.313151 0.896520 0.401874
5.040000 0.322116 0.979828 0.480032
5.050000 0.331915 0.951960 0.453114
5.060000 0.341434 0.939647 0.441468
5.070000 0.350831 0.918262 0.421602
5.080000 0.360013 0.923880 0.426777
5.090000 0.369252 0.945174 0.446677
5.100000 0.378704 0.940826 0.442577
5.110000 0.388112 0.851381 0.362425
5.120000 0.396626 0.936654 0.438660
5.130000 0.405992 0.937703 0.439644
5.140000 0.415370 0.894774 0.400310
5.150000 0.424317 0.874613 0.382474
5.160000 0.433063 0.915928 0.419462
5.170000 0.442223 0.952395 0.453528
5.180000 0.451747 0.853362 0.364113
5.190000 0.460280 0.906281 0.410673
5.200000 0.469343 0.876552 0.384172
5.210000 0.478109 0.810800 0.328698
5.220000 0.486217 0.859770 0.369602
5.230000 0.494814 0.880329 0.387490
5.240000 0.503618 0.939769 0.441583
5.250000 0.513015 0.807858 0.326318
5.260000 0.521094 0.853666 0.364373
5.270000 0.529630 0.858101 0.368169
5.280000 0.538212 0.824896 0.340226
5.290000 0.546460 0.888758 0.394945
5.300000 0.555348 0.810453 0.328417
5.310000 0.563453 0.841762 0.354282
5.320000 0.571870 0.783791 0.307164
5.330000 0.579708 0.770425 0.296778
5.340000 0.587412 0.813507 0.330896
5.350000 0.595547 0.872844 0.380928
5.360000 0.604276 0.794902 0.315935
5.370000 0.612225 0.785747 0.308699
5.380000 0.620082 0.710908 0.252695
5.390000 0.627191 0.778888 0.303333
5.400000 0.634980 0.779110 0.303506
5.410000 0.642771 0.810405 0.328378
5.420000 0.650875 0.739370 0.273334
5.430000 0.658269 0.702815 0.246975
5.440000 0.665297 0.801657 0.321327
5.450000 0.673314 0.738005 0.272325
5.460000 0.680694 0.650182 0.211368
5.470000 0.687196 0.755997 0.285766
5.480000 0.694756 0.759095 0.288112
5.490000 0.702347 0.693570 0.240520
5.500000 0.709282 0.662994 0.219780
5.510000 0.715912 0.717537 0.257429
5.520000 0.723088 0.739274 0.273263
5.530000 0.730480 0.649811 0.211127
5.540000 0.736979 0.618069 0.191005
5.550000 0.743159 0.719955 0.259168
5.560000 0.750359 0.600453 0.180272
5.570000 0.756363 0.692671 0.239897
5.580000 0.763290 0.625857 0.195848
5.590000 0.769549 0.607755 0.184683
5.600000 0.775626 0.719939 0.259156
5.610000 0.782826 0.608465 0.185115
5.620000 0.788910 0.608997 0.185439
5.630000 0.795000 0.541012 0.146347
5.640000 0.800410 0.590435 0.174307
5.650000 0.806315 0.587824 0.172768
5.660000 0.812193 0.629375 0.198056
5.670000 0.818487 0.566928 0.160704
5.680000 0.824156 0.588618 0.173236
5.690000 0.830042 0.545024 0.148525
5.700000 0.835492 0.510906 0.130513
5.710000 0.840601 0.519126 0.134746
5.720000 0.845793 0.562761 0.158350
5.730000 0.851420 0.528189 0.139492
5.740000 0.856702 0.510947 0.130534
5.750000 0.861812 0.486560 0.118370
5.760000 0.866677 0.523216 0.136877
5.770000 0.871909 0.514077 0.132137
5.780000 0.877050 0.381526 0.072781
5.790000 0.880865 0.524797 0.137706
5.800000 0.886113 0.414568 0.085933
5.810000 0.890259 0.488212 0.119176
5.820000 0.895141 0.434870 0.094556
5.830000 0.899490 0.392576 0.077058
5.840000 0.903416 0.502020 0.126012
5.850000 0.908436 0.420614 0.088458
5.860000 0.912642 0.416860 0.086886
5.870000 0.916811 0.397961 0.079187
5.880000 0.920790 0.345097 0.059546
5.890000 0.924241 0.335501 0.056280
5.900000 0.927596 0.372863 0.069514
5.910000 0.931325 0.435671 0.094905
5.920000 0.935681 0.278224 0.038704
5.930000 0.938464 0.330558 0.054634
5.940000 0.941769 0.420097 0.088241
5.950000 0.945970 0.294722 0.043431
5.960000 0.948917 0.312928 0.048962
5.970000 0.952047 0.279588 0.039085
5.980000 0.954843 0.257355 0.033116
5.990000 0.957416 0.345626 0.059729
6.000000 0.960872 0.273842 0.037495
6.010000 0.963611 0.240230 0.028855
6.020000 0.966013 0.265909 0.035354
6.030000 0.968672 0.239684 0.028724
6.040000 0.971069 0.219913 0.024181
6.050000 0.973268 0.211239 0.022311
6.060000 0.975381 0.294880 0.043477
6.070000 0.978329 0.187955 0.017664
6.080000 0.980209 0.130032 0.008454
6.090000 0.981509 0.222588 0.024773
6.100000 0.983735 0.156647 0.012269
6.110000 0.985302 0.146723 0.010764
6.120000 0.986769 0.217566 0.023667
6.130000 0.988945 0.181034 0.016387
6.140000 0.990755 0.089119 0.003971
6.150000 0.991646 0.100217 0.005022
6.160000 0.992648 0.188526 0.017771
6.170000 0.994533 0.096970 0.004702
6.180000 0.995503 0.021588 0.000233
6.190000 0.995719 0.149737 0.011211
6.200000 0.997216 0.081628 0.003332
6.210000 0.998033 0.081189 0.003296
6.220000 0.998845 0.015267 0.000117
6.230000 0.998997 0.029319 0.000430
6.240000 0.999290 0.111447 0.006210
6.250000 1.000405 -0.053775 0.001446
6.260000 0.999867 0.059226 0.001754
6.270000 1.000459 -0.011990 0.000072
6.280000 1.000340 -0.006525 0.000021
6.290000 1.000274 -0.016792 0.000141
6.300000 1.000106 -0.005135 0.000013
6.310000 1.000055 -0.015984 0.000128
6.320000 0.999895 -0.071325 0.002544
6.330000 0.999182 -0.043488 0.000946
6.340000 0.998747 -0.000691 0.000000
6.350000 0.998740 -0.090591 0.004103
6.360000 0.997834 -0.071668 0.002568
6.370000 0.997118 -0.161169 0.012988
6.380000 0.995506 -0.096072 0.004615
6.390000 0.994545 -0.090241 0.004072
6.400000 0.993643 -0.130334 0.008493
6.410000 0.992339 -0.078332 0.003068
6.420000 0.991556 -0.170003 0.014451
6.430000 0.989856 -0.171205 0.014656
6.440000 0.988144 -0.144351 0.010419
6.450000 0.986700 -0.166614 0.013880
6.460000 0.985034 -0.219764 0.024148
6.470000 0.982837 -0.168520 0.014200
6.480000 0.981151 -0.159894 0.012783
6.490000 0.979553 -0.244040 0.029778
6.500000 0.977112 -0.205913 0.021200
6.510000 0.975053 -0.242961 0.029515
6.520000 0.972623 -0.243402 0.029622
6.530000 0.970189 -0.273870 0.037502
6.540000 0.967451 -0.232120 0.026940
6.550000 0.965129 -0.316616 0.050123
6.560000 0.961963 -0.193202 0.018664
6.570000 0.960031 -0.287016 0.041189
6.580000 0.957161 -0.373818 0.069870
6.590000 0.953423 -0.224095 0.025109
6.600000 0.951182 -0.380101 0.072238
6.610000 0.947381 -0.276464 0.038216
6.620000 0.944616 -0.365625 0.066841
6.630000 0.940960 -0.301288 0.045387
6.640000 0.937947 -0.365121 0.066657
6.650000 0.934296 -0.402487 0.080998
6.660000 0.930271 -0.374335 0.070063
6.670000 0.926528 -0.358525 0.064270
6.680000 0.922943 -0.390609 0.076288
6.690000 0.919036 -0.385357 0.074250
6.700000 0.915183 -0.424355 0.090039
6.710000 0.910939 -0.431025 0.092891
6.720000 0.906629 -0.479043 0.114741
6.730000 0.901839 -0.385815 0.074426
6.740000 0.897981 -0.416426 0.086705
6.750000 0.893816 -0.487765 0.118958
6.760000 0.888939 -0.443180 0.098204
6.770000 0.884507 -0.449625 0.101081
6.780000 0.880011 -0.483104 0.116695
6.790000 0.875180 -0.493702 0.121871
6.800000 0.870243 -0.511334 0.130731
6.810000 0.865129 -0.507397 0.128726
6.820000 0.860055 -0.543075 0.147465
6.830000 0.854624 -0.491851 0.120959
6.840000 0.849706 -0.601385 0.180832
6.850000 0.843692 -0.451231 0.101805
6.860000 0.839180 -0.632953 0.200314
6.870000 0.832850 -0.499815 0.124908
6.880000 0.827852 -0.540967 0.146323
6.890000 0.822442 -0.591157 0.174733
6.900000 0.816531 -0.637278 0.203061
6.910000 0.810158 -0.597170 0.178306
6.920000 0.804186 -0.539022 0.145272
6.930000 0.798796 -0.640847 0.205343
6.940000 0.792388 -0.650733 0.211726
6.950000 0.785880 -0.580849 0.168693
6.960000 0.780072 -0.638687 0.203961
6.970000 0.773685 -0.604500 0.182710
6.980000 0.767640 -0.705281 0.248711
6.990000 0.760587 -0.599830 0.179898
7.000000 0.754589 -0.679885 0.231122
7.010000 0.747790 -0.712892 0.254108
7.020000 0.740661 -0.582310 0.169542
7.030000 0.734838 -0.725218 0.262970
7.040000 0.727586 -0.727940 0.264949
7.050000 0.720306 -0.685456 0.234925
7.060000 0.713452 -0.647418 0.209575
7.070000 0.706978 -0.751394 0.282297
7.080000 0.699464 -0.741775 0.275115
7.090000 0.692046 -0.661140 0.218553
7.100000 0.685435 -0.782480 0.306137
7.110000 0.677610 -0.684794 0.234471
7.120000 0.670762 -0.755366 0.285289
7.130000 0.663208 -0.758301 0.287510
7.140000 0.655625 -0.761918 0.290259
7.150000 0.648006 -0.810616 0.328549
7.160000 0.639900 -0.715343 0.255858
7.170000 0.632746 -0.825628 0.340831
7.180000 0.624490 -0.723986 0.262078
7.190000 0.617250 -0.879466 0.386730
7.200000 0.608456 -0.747754 0.279568
7.210000 0.600978 -0.856001 0.366369
7.220000 0.592418 -0.795078 0.316074
7.230000 0.584467 -0.806254 0.325022
7.240000 0.576405 -0.834769 0.348420
7.250000 0.568057 -0.823486 0.339064
7.260000 0.559822 -0.798213 0.318572
7.270000 0.551840 -0.848921 0.360333
7.280000 0.543351 -0.787566 0.310130
7.290000 0.535475 -0.851469 0.362500
7.300000 0.526961 -0.862225 0.371716
7.310000 0.518338 -0.921910 0.424959
7.320000 0.509119 -0.793873 0.315117
7.330000 0.501180 -0.919458 0.422702
7.340000 0.491986 -0.881363 0.388400
7.350000 0.483172 -0.825654 0.340853
7.360000 0.474916 -0.910803 0.414781
7.370000 0.465808 -0.925942 0.428684
7.380000 0.456548 -0.828236 0.342987
7.390000 0.448266 -0.893529 0.399197
7.400000 0.439331 -0.936988 0.438973
7.410000 0.429961 -0.913781 0.417498
7.420000 0.420823 -0.845573 0.357497
7.430000 0.412367 -0.917183 0.420612
7.440000 0.403195 -1.000134 0.500134
7.450000 0.393194 -0.870255 0.378672
7.460000 0.384491 -0.901453 0.406309
7.470000 0.375477 -0.972087 0.472476
7.480000 0.365756 -0.940789 0.442542
7.490000 0.356348 -0.879236 0.386528
7.500000 0.347556 -1.023102 0.523369
7.510000 0.337325 -0.939101 0.440955
7.520000 0.327934 -0.888742 0.394931
7.530000 0.319046 -0.938086 0.440003
7.540000 0.309666 -0.945352 0.446845
7.550000 0.300212 -0.967877 0.468393
7.560000 0.290533 -0.999728 0.499729
7.570000 0.280536 -0.937753 0.439690
7.580000 0.271158 -0.964121 0.464765
7.590000 0.261517 -0.962221 0.462935
7.600000 0.251895 -0.978208 0.478445
7.610000 0.242113 -0.968095 0.468604
7.620000 0.232432 -0.967324 0.467858
7.630000 0.222759 -0.944034 0.445600
7.640000 0.213318 -1.052312 0.553680
7.650000 0.202795 -0.961562 0.462301
7.660000 0.193180 -0.955624 0.456608
7.670000 0.183623 -0.991989 0.492021
7.680000 0.173704 -1.017468 0.517621
7.690000 0.163529 -0.943158 0.444774
7.700000 0.154097 -1.016434 0.516569
7.710000 0.143933 -1.013978 0.514076
7.720000 0.133793 -0.932273 0.434566
7.730000 0.124470 -1.009083 0.509124
7.740000 0.114380 -0.988141 0.488212
7.750000 0.104498 -0.988327 0.488395
7.760000 0.094615 -1.028509 0.528916
7.770000 0.084330 -1.010306 0.510359
7.780000 0.074227 -0.987232 0.487314
7.790000 0.064354 -0.975835 0.476127
7.800000 0.054596 -1.004023 0.504031
7.810000 0.044556 -1.056503 0.558099
7.820000 0.033991 -0.996766 0.496771
7.830000 0.024023 -0.991122 0.491161
7.840000 0.014112 -0.973859 0.474200
7.850000 0.004373 -1.036962 0.537645
7.860000 -0.005996 -0.956081 0.457045
7.870000 -0.015557 -0.994510 0.494525
7.880000 -0.025502 -1.011613 0.511680
7.890000 -0.035618 -0.954145 0.455196
7.900000 -0.045160 -1.080152 0.583364
7.910000 -0.055961 -0.950305 0.451540
7.920000 -0.065464 -0.969937 0.470389
7.930000 -0.075164 -1.009381 0.509425
7.940000 -0.085258 -0.985128 0.485238
7.950000 -0.095109 -1.051716 0.553054
7.960000 -0.105626 -0.960908 0.461672
7.970000 -0.115235 -0.945808 0.447276
7.980000 -0.124693 -1.086717 0.590476
7.990000 -0.135560 -0.957674 0.458570
8.000000 -0.145137 -0.939779 0.441592
8.010000 -0.154535 -1.015156 0.515270
8.020000 -0.164686 -1.026301 0.526646
8.030000 -0.174949 -0.972921 0.473288
8.040000 -0.184679 -0.959972 0.460773
8.050000 -0.194278 -1.011968 0.512039
8.060000 -0.204398 -0.912908 0.416701
8.070000 -0.213527 -0.995869 0.495877
8.080000 -0.223486 -0.945023 0.446534
8.090000 -0.232936 -0.974466 0.474792
8.100000 -0.242681 -1.036198 0.536854
8.110000 -0.253043 -0.905608 0.410063
8.120000 -0.262099 -1.021362 0.521590
8.130000 -0.272312 -0.973303 0.473660
8.140000 -0.282045 -0.910870 0.414842
8.150000 -0.291154 -0.956803 0.457736
8.160000 -0.300722 -0.919223 0.422485
8.170000 -0.309914 -1.009142 0.509184
8.180000 -0.320006 -0.893248 0.398946
8.190000 -0.328938 -1.000711 0.500711
8.200000 -0.338945 -0.922457 0.425464
8.210000 -0.348170 -0.963046 0.463728
8.220000 -0.357800 -0.940213 0.442000
8.230000 -0.367202 -0.911406 0.415330
8.240000 -0.376317 -0.938985 0.440847
8.250000 -0.385706 -0.867210 0.376027
8.260000 -0.394379 -0.928692 0.431234
8.270000 -0.403665 -0.887278 0.393631
8.280000 -0.412538 -0.921682 0.424749
8.290000 -0.421755 -0.862970 0.372359
8.300000 -0.430385 -0.994062 0.494079
8.310000 -0.440325 -0.814024 0.331317
8.320000 -0.448466 -0.909630 0.413714
8.330000 -0.457562 -0.866403 0.375327
8.340000 -0.466226 -0.905785 0.410223
8.350000 -0.475284 -0.902235 0.407014
8.360000 -0.484306 -0.890939 0.396886
8.370000 -0.493215 -0.804901 0.323932
8.380000 -0.501265 -0.848349 0.359848
8.390000 -0.509748 -0.936095 0.438137
8.400000 -0.519109 -0.853202 0.363977
8.410000 -0.527641 -0.797812 0.318252
8.420000 -0.535619 -0.852272 0.363184
8.430000 -0.544142 -0.796352 0.317088
8.440000 -0.552105 -0.909314 0.413426
8.450000 -0.561198 -0.795579 0.316473
8.460000 -0.569154 -0.826299 0.341385
8.470000 -0.577417 -0.847481 0.359112
8.480000 -0.585892 -0.767519 0.294543
8.490000 -0.593567 -0.836275 0.349678
8.500000 -0.601930 -0.765485 0.292984
8.510000 -0.609585 -0.808402 0.326757
8.520000 -0.617669 -0.727764 0.264821
8.530000 -0.624947 -0.806385 0.325128
8.540000 -0.633010 -0.789384 0.311564
8.550000 -0.640904 -0.693105 0.240197
8.560000 -0.647835 -0.793196 0.314580
8.570000 -0.655767 -0.801277 0.321022
8.580000 -0.663780 -0.682058 0.232601
8.590000 -0.670601 -0.712672 0.253951
8.600000 -0.677727 -0.810339 0.328325
8.610000 -0.685831 -0.719586 0.258902
8.620000 -0.693027 -0.651535 0.212249
8.630000 -0.699542 -0.749701 0.281026
8.640000 -0.707039 -0.664557 0.220818
8.650000 -0.713684 -0.744429 0.277087
8.660000 -0.721129 -0.638918 0.204108
8.670000 -0.727518 -0.691366 0.238994
8.680000 -0.734432 -0.734258 0.269567
8.690000 -0.741774 -0.619582 0.191941
8.700000 -0.747970 -0.689721 0.237858
8.710000 -0.754867 -0.669684 0.224238
8.720000 -0.761564 -0.628461 0.197481
8.730000 -0.767849 -0.590067 0.174089
8.740000 -0.773749 -0.657092 0.215885
8.750000 -0.780320 -0.648401 0.210212
8.760000 -0.786804 -0.609580 0.185794
8.770000 -0.792900 -0.551006 0.151804
8.780000 -0.798410 -0.623659 0.194475
8.790000 -0.804647 -0.555205 0.154126
8.800000 -0.810199 -0.593304 0.176005
8.810000 -0.816132 -0.629599 0.198197
8.820000 -0.822428 -0.509848 0.129972
8.830000 -0.827526 -0.608208 0.184959
8.840000 -0.833608 -0.492093 0.121078
8.850000 -0.838529 -0.583429 0.170195
8.860000 -0.844364 -0.489158 0.119638
8.870000 -0.849255 -0.519601 0.134993
8.880000 -0.854451 -0.585316 0.171297
8.890000 -0.860304 -0.414513 0.085910
8.900000 -0.864449 -0.518040 0.134183
8.910000 -0.869630 -0.479411 0.114918
8.920000 -0.874424 -0.535121 0.143177
8.930000 -0.879775 -0.412918 0.085251
8.940000 -0.883904 -0.456338 0.104122
8.950000 -0.888468 -0.535048 0.143138
8.960000 -0.893818 -0.384829 0.074047
8.970000 -0.897666 -0.429741 0.092339
8.980000 -0.901964 -0.488104 0.119123
8.990000 -0.906845 -0.387964 0.075258
9.000000 -0.910725 -0.362045 0.065538
9.010000 -0.914345 -0.481421 0.115883
9.020000 -0.919159 -0.335648 0.056330
9.030000 -0.922516 -0.432788 0.093653
9.040000 -0.926844 -0.350104 0.061287
9.050000 -0.930345 -0.303512 0.046060
9.060000 -0.933380 -0.385934 0.074472
9.070000 -0.937239 -0.365902 0.066942
9.080000 -0.940898 -0.313974 0.049290
9.090000 -0.944038 -0.347014 0.060209
9.100000 -0.947508 -0.291386 0.042453
9.110000 -0.950422 -0.309190 0.047799
9.120000 -0.953514 -0.260812 0.034011
9.130000 -0.956122 -0.341970 0.058472
9.140000 -0.959542 -0.258940 0.033525
9.150000 -0.962131 -0.227114 0.025790
9.160000 -0.964402 -0.293004 0.042926
9.170000 -0.967332 -0.241266 0.029105
9.180000 -0.969745 -0.259664 0.033713
9.190000 -0.972341 -0.198851 0.019771
9.200000 -0.974330 -0.251772 0.031695
9.210000 -0.976848 -0.146409 0.010718
9.220000 -0.978312 -0.252641 0.031914
9.230000 -0.980838 -0.189249 0.017908
9.240000 -0.982731 -0.150467 0.011320
9.250000 -0.984235 -0.144408 0.010427
9.260000 -0.985679 -0.136844 0.009363
9.270000 -0.987048 -0.237521 0.028208
9.280000 -0.989423 -0.114910 0.006602
9.290000 -0.990572 -0.130035 0.008455
9.300000 -0.991873 -0.072584 0.002634
9.310000 -0.992598 -0.119598 0.007152
9.320000 -0.993794 -0.090494 0.004095
9.330000 -0.994699 -0.070973 0.002519
9.340000 -0.995409 -0.161511 0.013043
9.350000 -0.997024 -0.041202 0.000849
9.360000 -0.997436 -0.071938 0.002588
9.370000 -0.998156 -0.011045 0.000061
9.380000 -0.998266 -0.098471 0.004848
9.390000 -0.999251 -0.003123 0.000005
9.400000 -0.999282 -0.036071 0.000651
9.410000 -0.999643 0.039731 0.000789
9.420000 -0.999245 -0.035058 0.000615
9.430000 -0.999596 -0.028191 0.000397
9.440000 -0.999878 0.049254 0.001213
9.450000 -0.999385 0.029934 0.000448
9.460000 -0.999086 0.069694 0.002429
9.470000 -0.998389 0.057643 0.001661
9.480000 -0.997813 0.082004 0.003362
9.490000 -0.996993 0.006957 0.000024
9.500000 -0.996923 0.129945 0.008443
9.510000 -0.995623 0.042918 0.000921
9.520000 -0.995194 0.130815 0.008556
9.530000 -0.993886 0.053424 0.001427
9.540000 -0.993352 0.186517 0.017394
9.550000 -0.991487 0.134667 0.009068
9.560000 -0.990140 0.072136 0.002602
9.570000 -0.989419 0.153088 0.011718
9.580000 -0.987888 0.228764 0.026166
9.590000 -0.985600 0.142780 0.010193
9.600000 -0.984172 0.182715 0.016692
9.610000 -0.982345 0.181935 0.016550
9.620000 -0.980526 0.248941 0.030986
9.630000 -0.978036 0.142192 0.010109
9.640000 -0.976615 0.219267 0.024039
9.650000 -0.974422 0.220588 0.024330
9.660000 -0.972216 0.220475 0.024305
9.670000 -0.970011 0.300246 0.045074
9.680000 -0.967009 0.209686 0.021984
9.690000 -0.964912 0.324270 0.052576
9.700000 -0.961669 0.282809 0.039991
9.710000 -0.958841 0.305564 0.046685
9.720000 -0.955786 0.234456 0.027485
9.730000 -0.953441 0.324516 0.052655
9.740000 -0.950196 0.303544 0.046069
9.750000 -0.947160 0.365471 0.066785
9.760000 -0.943506 0.303799 0.046147
9.770000 -0.940468 0.345040 0.059526
9.780000 -0.937017 0.363112 0.065925
9.790000 -0.933386 0.321981 0.051836
9.800000 -0.930166 0.400473 0.080189
9.810000 -0.926162 0.423746 0.089781
9.820000 -0.921924 0.362807 0.065814
9.830000 -0.918296 0.372323 0.069312
9.840000 -0.914573 0.422379 0.089202
9.850000 -0.910349 0.397357 0.078946
9.860000 -0.906375 0.388611 0.075509
9.870000 -0.902489 0.527857 0.139317
9.880000 -0.897211 0.412369 0.085024
9.890000 -0.893087 0.392704 0.077108
9.900000 -0.889160 0.509291 0.129689
9.910000 -0.884067 0.510860 0.130489
9.920000 -0.878959 0.433537 0.093977
9.930000 -0.874623 0.501120 0.125560
9.940000 -0.869612 0.499114 0.124558
9.950000 -0.864621 0.454384 0.103232
9.960000 -0.860077 0.568058 0.161345
9.970000 -0.854396 0.552016 0.152361
9.980000 -0.848876 0.472763 0.111752
